5
0 255 255 255 255
255 0 255 255 255
255 255 0 255 255
255 255 255 0 255
255 255 255 255 0
5
128 128 128 128 128
255 255 255 255 255
10 20 30 40 50
150 150 150 30 30
127 128 129 130 128
4
10 10 200 200 200
10 200 10 200 200
10 200 200 10 200
10 200 200 200 10
3
200 10 10 200 200
200 10 200 10 200
200 10 200 200 10
2
200 200 10 10 200
200 200 10 200 10
1
200 200 200 10 10
10
10 10 10 200 200
10 10 200 10 200
10 10 200 200 10
10 200 10 10 200
10 200 10 200 10
10 200 200 10 10
200 10 10 10 200
200 10 10 200 10
200 10 200 10 10
200 200 10 10 10
5
10 10 10 10 200
10 10 10 200 10
10 10 200 10 10
10 200 10 10 10
200 10 10 10 10
1
10 10 10 10 10
0